BabelNet
[0.03597122302158273, 0.08695652173913043, 0.08, 0.10526315789473684, 0.0273972602739726, 0.14482758620689656, 0.20270270270270271, 0.047619047619047616, 0.10138248847926268, 0.07960199004975124, 0.09947643979057591, 0.03773584905660377, 0.02631578947368421, 0.039603960396039604, 0.11627906976744186]
Con stopwords:
[0.03597122302158273, 0.14492753623188406, 0.05128205128205128, 0.1134020618556701, 0.08695652173913043, 0.13260869565217392, 0.19480519480519481, 0.047619047619047616, 0.10144927536231885, 0.07272727272727272, 0.10407239819004525, 0.04878048780487805, 0.02631578947368421, 0.0392156862745098, 0.12030075187969924]


WordNet
[0.07407407407407407, 0.09523809523809523, 0.058823529411764705, 0.125, 0.18181818181818182, 0.06569343065693431, 0.03773584905660377, 0.058823529411764705, 0.03896103896103896, 0.11538461538461539, 0.053763440860215055, 0.05405405405405406, 0.06666666666666667, 0.0, 0.0]
Con stopwords:
[0.07142857142857142, 0.12307692307692308, 0.03125, 0.07272727272727272, 0.08695652173913043, 0.07272727272727272, 0.03355704697986577, 0.08860759493670886, 0.056074766355140186, 0.06557377049180328, 0.03896103896103896, 0.04477611940298507, 0.045454545454545456, 0.0, 0.0]

