BabelNet
11 frasi testo originale inglese, 15 frasi trovate, 10 frasi testo originale tedesco
[0.29411764705882354, 0.36363636363636365, 0.3333333333333333, 0.42105263157894735, 0.06451612903225806, 0.4329896907216495, 0.6976744186046512, 0.2857142857142857, 0.44, 0.19753086419753085, 0.4222222222222222, 0.2727272727272727, 0.5, 0.19047619047619047, 0.46875, 0.13043478260869565, 0.16129032258064516, 0.6428571428571429, 0.25396825396825395, 0.0, 0.0, 0.0, 0.0, 0.0, 0.0, 0.0, 0.02631578947368421, 0.3333333333333333, 0.2222222222222222, 0.0, 0.0, 0.0, 0.13157894736842105, 0.15, 0.2835820895522388, 0.0]

0.21445344259078236


WordNet
15 frasi trovate, 11 frasi testo originale inglese, 10 frasi testo originale tedesco
[0.2, 0.3333333333333333, 0.4, 0.2727272727272727, 0.5, 0.391304347826087, 0.7142857142857143, 0.375, 0.25, 0.3888888888888889, 0.45454545454545453, 0.3, 1.0, 0.25, 0.38461538461538464, 0.14285714285714285, 0.2, 0.75, 0.16666666666666666, 0.0, 0.0, 0.0, 0.0, 0.0, 0.0, 0.0, 0.07142857142857142, 0.2, 0.1111111111111111, 0.0, 0.0, 0.0, 0.375, 0.3, 0.5454545454545454, 0.0]

0.25214495649278257

