sent_perc_en.txt  sent_perc_de.txt
min_length
[0.29411764705882354, 0.36363636363636365, 0.3333333333333333, 0.42105263157894735, 0.06451612903225806, 0.4329896907216495, 0.6835443037974683, 0.2857142857142857, 0.5555555555555556, 0.19753086419753085, 0.4222222222222222, 0.2727272727272727, 0.5, 0.21428571428571427, 0.46875, 0.02631578947368421, 0.1, 0.09375, 0.6363636363636364, 0.3137254901960784, 0.21052631578947367, 0.15, 0.42424242424242425, 0.13043478260869565, 0.16129032258064516, 0.6428571428571429, 0.25396825396825395, 0.14814814814814814, 0.3191489361702128, 0.25, 0.22916666666666666, 0.05714285714285714, 0.2857142857142857, 0.21428571428571427]

min = 0.02631578947368421

max_length
[0.03937007874015748, 0.10256410256410256, 0.15789473684210525, 0.12307692307692308, 0.05263157894736842, 0.17872340425531916, 0.2, 0.05405405405405406, 0.13986013986013987, 0.11764705882352941, 0.11515151515151516, 0.04195804195804196, 0.02702702702702703, 0.03571428571428571, 0.13392857142857142, 0.0125, 0.019230769230769232, 0.03, 0.03365384615384615, 0.055944055944055944, 0.08791208791208792, 0.014778325123152709, 0.050359712230215826, 0.06593406593406594, 0.023474178403755867, 0.1125, 0.06451612903225806, 0.037383177570093455, 0.0872093023255814, 0.043010752688172046, 0.22916666666666666, 0.044444444444444446, 0.01, 0.04477611940298507]

min = 0.01

union_set
[0.03597122302158273, 0.08695652173913043, 0.12, 0.10526315789473684, 0.029850746268656716, 0.14482758620689656, 0.18305084745762712, 0.047619047619047616, 0.12578616352201258, 0.07960199004975124, 0.09947643979057591, 0.03773584905660377, 0.02631578947368421, 0.031578947368421054, 0.11627906976744186, 0.008547008547008548, 0.01639344262295082, 0.023255813953488372, 0.0330188679245283, 0.04984423676012461, 0.06611570247933884, 0.013636363636363636, 0.04713804713804714, 0.04580152671755725, 0.02092050209205021, 0.10588235294117647, 0.05423728813559322, 0.03076923076923077, 0.07352941176470588, 0.0380952380952381, 0.12941176470588237, 0.02564102564102564, 0.00975609756097561, 0.038461538461538464]

min = 0.008547008547008548

min_w
[1.25, 1.3333333333333333, 1.0, 2.0, 0.6666666666666666, 3.230769230769231, 5.4, 3.0, 2.2222222222222223, 2.0, 1.9, 0.75, 1.0, 0.8571428571428571, 3.0, 0.2, 0.3333333333333333, 0.6, 1.75, 2.6666666666666665, 2.0, 0.6, 1.75, 0.8571428571428571, 0.7142857142857143, 3.0, 1.2307692307692308, 0.5714285714285714, 1.5, 1.0, 2.2, 0.6666666666666666, 0.8, 0.6]

min = 0.2

max_w
[1.0, 1.0, 1.0, 2.0, 0.6666666666666666, 2.625, 3.6, 1.2, 1.8181818181818181, 2.0, 1.3571428571428572, 0.5, 0.14285714285714285, 0.5, 1.3636363636363635, 0.16666666666666666, 0.2, 0.4, 0.7777777777777778, 2.6666666666666665, 2.0, 0.42857142857142855, 0.9333333333333333, 0.75, 0.5555555555555556, 1.2857142857142858, 0.8, 0.5714285714285714, 1.1538461538461537, 1.0, 2.2, 0.5, 0.8, 0.42857142857142855]

min = 0.14285714285714285

sum_w
[0.5555555555555556, 0.5714285714285714, 0.5, 1.0, 0.3333333333333333, 1.4482758620689655, 2.16, 0.8571428571428571, 1.0, 1.0, 0.7916666666666666, 0.3, 0.125, 0.3157894736842105, 0.9375, 0.09090909090909091, 0.125, 0.24, 0.5384615384615384, 1.3333333333333333, 1.0, 0.25, 0.6086956521739131, 0.4, 0.3125, 0.9, 0.48484848484848486, 0.2857142857142857, 0.6521739130434783, 0.5, 1.1, 0.2857142857142857, 0.4, 0.25]

min = 0.09090909090909091

{'min_length': 0.2987369641196866, 'max_length': 0.07607044563250855, 'union': 0.06178731879949979, 'max_#_words': 1.1291651975475505, 'min_#_words': 1.548541980894922, 'sum_#_words': 0.6368542030611343}


wrong_sent_perc_en.txt  wrong_sent_perc_de.txt
min_length
[0.0, 0.0, 0.0, 0.1, 0.0, 0.0, 0.0, 0.0, 0.0, 0.125, 0.0, 0.0, 0.0, 0.0, 0.0, 0.0, 0.0, 0.0, 0.0, 0.0, 0.0, 0.0, 0.0, 0.0, 0.0, 0.0, 0.0, 0.0, 0.0, 0.0, 0.0, 0.02631578947368421, 0.0, 0.0]

max = 0.125

max_length
[0.0, 0.0, 0.0, 0.019230769230769232, 0.0, 0.0, 0.0, 0.0, 0.0, 0.024193548387096774, 0.0, 0.0, 0.0, 0.0, 0.0, 0.0, 0.0, 0.0, 0.0, 0.0, 0.0, 0.0, 0.0, 0.0, 0.0, 0.0, 0.0, 0.0, 0.0, 0.0, 0.0, 0.00425531914893617, 0.0, 0.0]

max = 0.024193548387096774

union_set
[0.0, 0.0, 0.0, 0.01639344262295082, 0.0, 0.0, 0.0, 0.0, 0.0, 0.020689655172413793, 0.0, 0.0, 0.0, 0.0, 0.0, 0.0, 0.0, 0.0, 0.0, 0.0, 0.0, 0.0, 0.0, 0.0, 0.0, 0.0, 0.0, 0.0, 0.0, 0.0, 0.0, 0.003676470588235294, 0.0, 0.0]

max = 0.020689655172413793

min_w
[0.0, 0.0, 0.0, 0.3333333333333333, 0.0, 0.0, 0.0, 0.0, 0.0, 1.2, 0.0, 0.0, 0.0, 0.0, 0.0, 0.0, 0.0, 0.0, 0.0, 0.0, 0.0, 0.0, 0.0, 0.0, 0.0, 0.0, 0.0, 0.0, 0.0, 0.0, 0.0, 0.16666666666666666, 0.0, 0.0]

max = 1.2

max_w
[0.0, 0.0, 0.0, 0.2, 0.0, 0.0, 0.0, 0.0, 0.0, 0.3, 0.0, 0.0, 0.0, 0.0, 0.0, 0.0, 0.0, 0.0, 0.0, 0.0, 0.0, 0.0, 0.0, 0.0, 0.0, 0.0, 0.0, 0.0, 0.0, 0.0, 0.0, 0.0625, 0.0, 0.0]

max = 0.3

sum_w
[0.0, 0.0, 0.0, 0.125, 0.0, 0.0, 0.0, 0.0, 0.0, 0.24, 0.0, 0.0, 0.0, 0.0, 0.0, 0.0, 0.0, 0.0, 0.0, 0.0, 0.0, 0.0, 0.0, 0.0, 0.0, 0.0, 0.0, 0.0, 0.0, 0.0, 0.0, 0.045454545454545456, 0.0, 0.0]

max = 0.24

{'min_length': 0.007391640866873065, 'max_length': 0.0014023422578471228, 'union': 0.001198810834811762, 'max_#_words': 0.016544117647058824, 'min_#_words': 0.049999999999999996, 'sum_#_words': 0.012072192513368983}


juenger_en  juenger_en
min_length
[0.02631578947368421, 0.1, 0.09375, 0.6363636363636364, 0.3137254901960784, 0.21052631578947367, 0.15, 0.42424242424242425, 0.0, 0.2909090909090909, 0.21212121212121213, 0.5384615384615384, 0.3181818181818182, 0.30952380952380953, 0.2077922077922078, 0.4262295081967213, 0.38461538461538464, 0.10606060606060606, 0.25806451612903225, 0.22807017543859648, 0.45, 0.18181818181818182, 0.34, 0.26436781609195403, 0.15555555555555556, 0.4166666666666667, 0.09090909090909091, 0.6666666666666666, 0.2483221476510067, 0.0, 0.08928571428571429, 0.0, 0.0, 0.0, 0.0, 0.03508771929824561, 0.0, 0.0, 0.0, 0.0, 0.0, 0.0, 0.0, 0.04878048780487805, 0.0, 0.03125, 0.07142857142857142, 0.0, 0.028985507246376812, 0.0, 0.09090909090909091, 0.0, 0.0, 0.0, 0.0, 0.0, 0.0, 0.021739130434782608, 0.0, 0.0, 0.14285714285714285, 0.10810810810810811, 0.0, 0.0, 0.0, 0.0, 0.0, 0.0, 0.0, 0.0, 0.0, 0.0, 0.0, 0.0, 0.0, 0.0, 0.05, 0.021739130434782608, 0.0, 0.0, 0.02857142857142857, 0.0, 0.0, 0.0, 0.0, 0.14285714285714285, 0.0, 0.0, 0.0, 0.10256410256410256, 0.07692307692307693, 0.0967741935483871, 0.34285714285714286, 0.23809523809523808, 0.13636363636363635, 0.1388888888888889, 0.13253012048192772, 0.058823529411764705, 0.5, 0.24615384615384617, 0.4, 0.2777777777777778, 0.14583333333333334]

max_length
[0.0125, 0.019230769230769232, 0.03, 0.03365384615384615, 0.055944055944055944, 0.08791208791208792, 0.014778325123152709, 0.050359712230215826, 0.0, 0.17582417582417584, 0.03398058252427184, 0.21212121212121213, 0.04794520547945205, 0.11403508771929824, 0.08533333333333333, 0.22608695652173913, 0.13513513513513514, 0.044585987261146494, 0.06015037593984962, 0.053061224489795916, 0.0972972972972973, 0.02127659574468085, 0.0787037037037037, 0.0970464135021097, 0.04516129032258064, 0.10989010989010989, 0.02040816326530612, 0.13333333333333333, 0.07889125799573561, 0.0, 0.034324942791762014, 0.0, 0.0, 0.0, 0.0, 0.03125, 0.0, 0.0, 0.0, 0.0, 0.0, 0.0, 0.0, 0.011299435028248588, 0.0, 0.008620689655172414, 0.0035971223021582736, 0.0, 0.01015228426395939, 0.0, 0.013824884792626729, 0.0, 0.0, 0.0, 0.0, 0.0, 0.0, 0.004524886877828055, 0.0, 0.0, 0.0029239766081871343, 0.017937219730941704, 0.0, 0.0, 0.0, 0.0, 0.0, 0.0, 0.0, 0.0, 0.0, 0.0, 0.0, 0.0, 0.0, 0.0, 0.005952380952380952, 0.003278688524590164, 0.0, 0.0, 0.014492753623188406, 0.0, 0.0, 0.0, 0.0, 0.02912621359223301, 0.0, 0.0, 0.0, 0.06349206349206349, 0.03333333333333333, 0.00911854103343465, 0.096, 0.078125, 0.03896103896103896, 0.052083333333333336, 0.03323262839879154, 0.011695906432748537, 0.08383233532934131, 0.13675213675213677, 0.1694915254237288, 0.1485148514851485, 0.06796116504854369]

union_set
[0.008547008547008548, 0.01639344262295082, 0.023255813953488372, 0.0330188679245283, 0.04984423676012461, 0.06611570247933884, 0.013636363636363636, 0.04713804713804714, 0.0, 0.12307692307692308, 0.03017241379310345, 0.1794871794871795, 0.043478260869565216, 0.09090909090909091, 0.06438631790744467, 0.17333333333333334, 0.1111111111111111, 0.032407407407407406, 0.05128205128205128, 0.04498269896193772, 0.08695652173913043, 0.019417475728155338, 0.06827309236947791, 0.07641196013289037, 0.03626943005181347, 0.09523809523809523, 0.01694915254237288, 0.125, 0.06368330464716007, 0.0, 0.025423728813559324, 0.0, 0.0, 0.0, 0.0, 0.01680672268907563, 0.0, 0.0, 0.0, 0.0, 0.0, 0.0, 0.0, 0.009259259259259259, 0.0, 0.006802721088435374, 0.003436426116838488, 0.0, 0.007575757575757576, 0.0, 0.012145748987854251, 0.0, 0.0, 0.0, 0.0, 0.0, 0.0, 0.0037593984962406013, 0.0, 0.0, 0.0028735632183908046, 0.015625, 0.0, 0.0, 0.0, 0.0, 0.0, 0.0, 0.0, 0.0, 0.0, 0.0, 0.0, 0.0, 0.0, 0.0, 0.0053475935828877, 0.002857142857142857, 0.0, 0.0, 0.009708737864077669, 0.0, 0.0, 0.0, 0.0, 0.024793388429752067, 0.0, 0.0, 0.0, 0.04081632653061224, 0.023809523809523808, 0.008403361344537815, 0.08108108108108109, 0.0625, 0.03125, 0.03937007874015748, 0.02729528535980149, 0.009852216748768473, 0.07734806629834254, 0.0963855421686747, 0.13513513513513514, 0.10714285714285714, 0.04861111111111111]

min_w
[0.2, 0.3333333333333333, 0.6, 1.75, 2.6666666666666665, 2.0, 0.6, 1.75, 0.0, 2.6666666666666665, 1.1666666666666667, 1.75, 1.4, 1.8571428571428572, 1.5238095238095237, 2.1666666666666665, 1.0, 0.7, 0.8888888888888888, 1.1818181818181819, 1.6363636363636365, 1.0, 1.4166666666666667, 1.6428571428571428, 1.1666666666666667, 2.5, 0.3333333333333333, 3.0, 1.7619047619047619, 0.0, 1.25, 0.0, 0.0, 0.0, 0.0, 0.5, 0.0, 0.0, 0.0, 0.0, 0.0, 0.0, 0.0, 0.2222222222222222, 0.0, 0.3333333333333333, 0.2, 0.0, 0.3333333333333333, 0.0, 0.375, 0.0, 0.0, 0.0, 0.0, 0.0, 0.0, 0.14285714285714285, 0.0, 0.0, 0.25, 0.5714285714285714, 0.0, 0.0, 0.0, 0.0, 0.0, 0.0, 0.0, 0.0, 0.0, 0.0, 0.0, 0.0, 0.0, 0.0, 0.2, 0.1, 0.0, 0.0, 0.2, 0.0, 0.0, 0.0, 0.0, 0.6666666666666666, 0.0, 0.0, 0.0, 0.6666666666666666, 0.5, 0.42857142857142855, 2.0, 2.5, 0.5, 1.0, 1.1, 0.3333333333333333, 3.5, 2.2857142857142856, 1.6666666666666667, 2.5, 0.875]

max_w
[0.16666666666666666, 0.2, 0.4, 0.7777777777777778, 2.6666666666666665, 2.0, 0.42857142857142855, 0.9333333333333333, 0.0, 2.2857142857142856, 0.875, 1.1666666666666667, 1.0, 1.3, 1.0666666666666667, 2.0, 1.0, 0.5384615384615384, 0.5714285714285714, 0.7222222222222222, 1.5, 0.4444444444444444, 1.4166666666666667, 1.2777777777777777, 0.5833333333333334, 1.1111111111111112, 0.25, 2.0, 1.2758620689655173, 0.0, 1.0, 0.0, 0.0, 0.0, 0.0, 0.2, 0.0, 0.0, 0.0, 0.0, 0.0, 0.0, 0.0, 0.2222222222222222, 0.0, 0.1, 0.09090909090909091, 0.0, 0.16666666666666666, 0.0, 0.17647058823529413, 0.0, 0.0, 0.0, 0.0, 0.0, 0.0, 0.125, 0.0, 0.0, 0.07142857142857142, 0.3076923076923077, 0.0, 0.0, 0.0, 0.0, 0.0, 0.0, 0.0, 0.0, 0.0, 0.0, 0.0, 0.0, 0.0, 0.0, 0.08333333333333333, 0.05555555555555555, 0.0, 0.0, 0.125, 0.0, 0.0, 0.0, 0.0, 0.46153846153846156, 0.0, 0.0, 0.0, 0.3333333333333333, 0.5, 0.3333333333333333, 1.5, 1.5, 0.5, 0.7692307692307693, 0.7857142857142857, 0.25, 1.1666666666666667, 2.0, 1.6666666666666667, 1.875, 0.875]

sum_w
[0.09090909090909091, 0.125, 0.24, 0.5384615384615384, 1.3333333333333333, 1.0, 0.25, 0.6086956521739131, 0.0, 1.2307692307692308, 0.5, 0.7, 0.5833333333333334, 0.7647058823529411, 0.6274509803921569, 1.04, 0.5, 0.30434782608695654, 0.34782608695652173, 0.4482758620689655, 0.782608695652174, 0.3076923076923077, 0.7083333333333334, 0.71875, 0.3888888888888889, 0.7692307692307693, 0.14285714285714285, 1.2, 0.74, 0.0, 0.5555555555555556, 0.0, 0.0, 0.0, 0.0, 0.14285714285714285, 0.0, 0.0, 0.0, 0.0, 0.0, 0.0, 0.0, 0.1111111111111111, 0.0, 0.07692307692307693, 0.0625, 0.0, 0.1111111111111111, 0.0, 0.12, 0.0, 0.0, 0.0, 0.0, 0.0, 0.0, 0.06666666666666667, 0.0, 0.0, 0.05555555555555555, 0.2, 0.0, 0.0, 0.0, 0.0, 0.0, 0.0, 0.0, 0.0, 0.0, 0.0, 0.0, 0.0, 0.0, 0.0, 0.058823529411764705, 0.03571428571428571, 0.0, 0.0, 0.07692307692307693, 0.0, 0.0, 0.0, 0.0, 0.2727272727272727, 0.0, 0.0, 0.0, 0.2222222222222222, 0.25, 0.1875, 0.8571428571428571, 0.9375, 0.25, 0.43478260869565216, 0.4583333333333333, 0.14285714285714285, 0.875, 1.0666666666666667, 0.8333333333333334, 1.0714285714285714, 0.4375]

{'min_length': 0.11509168649990124, 'max_length': 0.03289850073558557, 'union': 0.026467874544659886, 'max_#_words': 0.4582440104757401, 'min_#_words': 0.6394198573810225, 'sum_#_words': 0.26176898130804854}


